1	0 0.923077	1 0.923077	9 0.925926	24 0.925926	49 0.925926	
51	0 0.878415	1 0.900698	9 0.925549	24 0.938205	49 0.940162	
101	0 0.887959	1 0.906173	9 0.931264	24 0.942773	49 0.948306	
151	0 0.892536	1 0.91115	9 0.937975	24 0.948355	49 0.954425	
201	0 0.886427	1 0.904667	9 0.93351	24 0.944974	49 0.951093	
251	0 0.885753	1 0.904563	9 0.933319	24 0.944072	49 0.950084	
301	0 0.881558	1 0.901847	9 0.932064	24 0.943759	49 0.950262	
351	0 0.883222	1 0.902126	9 0.931857	24 0.943757	49 0.950113	
401	0 0.883385	1 0.903254	9 0.933825	24 0.945044	49 0.95147	
451	0 0.885398	1 0.906208	9 0.935634	24 0.946382	49 0.952745	
501	0 0.884544	1 0.905307	9 0.935801	24 0.947131	49 0.954011	
551	0 0.883519	1 0.90505	9 0.936573	24 0.948153	49 0.955072	
601	0 0.885183	1 0.906243	9 0.938036	24 0.949291	49 0.95633	
651	0 0.886585	1 0.906559	9 0.938597	24 0.950571	49 0.957545	
701	0 0.88597	1 0.906393	9 0.938902	24 0.951184	49 0.958361	
751	0 0.885702	1 0.906494	9 0.939483	24 0.951557	49 0.958454	
801	0 0.882979	1 0.904733	9 0.938097	24 0.950173	49 0.957213	
851	0 0.881543	1 0.902915	9 0.936275	24 0.948272	49 0.955289	
901	0 0.884752	1 0.905633	9 0.938342	24 0.949948	49 0.95679	
951	0 0.88542	1 0.906262	9 0.939005	24 0.950353	49 0.957046	
1001	0 0.886986	1 0.907115	9 0.938883	24 0.951056	49 0.957795	
1051	0 0.888204	1 0.907975	9 0.939456	24 0.951208	49 0.958269	
1101	0 0.887726	1 0.907129	9 0.939365	24 0.95124	49 0.958544	
1151	0 0.886801	1 0.906133	9 0.938539	24 0.950565	49 0.957748	
1201	0 0.888232	1 0.907386	9 0.939391	24 0.951298	49 0.958379	
1251	0 0.889125	1 0.908155	9 0.940576	24 0.952166	49 0.959176	
1301	0 0.888631	1 0.907768	9 0.940071	24 0.952053	49 0.959035	
1346	0 0.889158	1 0.90795	9 0.940201	24 0.952125	49 0.959001	
